8.159	17.345	5.965	0.34	0.298	0.308	0.105
8.45	16.562	5.185	0.329	0.269	0.271	0.097
8.156	17.066	5.184	0.358	0.281	0.32	0.082
8.298	16.827	5.015	0.353	0.326	0.354	0.08
8.618	17.223	5.772	0.377	0.339	0.349	0.071
8.799	17.304	6.131	0.328	0.292	0.266	0.059
8.315	17.359	5.947	0.332	0.297	0.306	0.066
8.885	16.754	5.719	0.302	0.287	0.35	0.049
8.224	15.913	6.914	0.38	0.331	0.315	0.043
8.071	15.424	5.369	0.286	0.269	0.302	0.051
7.957	16.009	5.179	0.32	0.259	0.27	0.043
9.441	16.962	5.815	0.343	0.22	0.304	0.037
8.831	17.194	5.438	0.342	0.253	0.293	0.048
8.373	16.355	5.348	0.326	0.281	0.318	0.048
8.838	17.15	6.083	0.27	0.237	0.243	0.054
8.726	18.884	6.485	0.321	0.253	0.258	0.058
8.606	16.988	6.608	0.267	0.268	0.255	0.066
9.272	19.054	6.248	0.276	0.275	0.299	0.064
9.181	17.893	6.318	0.272	0.25	0.265	0.068
9.321	16.63	6.161	0.289	0.214	0.31	0.071
9.049	17.112	5.824	0.318	0.222	0.251	0.06
9.672	17.158	6.658	0.343	0.251	0.335	0.064
8.539	17.224	5.622	0.253	0.271	0.274	0.065
9.274	16.93	6.009	0.302	0.233	0.273	0.074
9.765	17.321	5.652	0.265	0.221	0.278	0.065
9.488	15.718	5.861	0.27	0.247	0.28	0.081
9.029	16.443	5.942	0.328	0.279	0.278	0.072
8.27	17.028	5.968	0.251	0.272	0.286	0.065
8.683	16.714	5.087	0.279	0.235	0.268	0.068
8.689	16.984	6.601	0.315	0.239	0.272	0.076
8.22	16.784	5.615	0.317	0.249	0.307	0.071
8.918	16.865	5.768	0.315	0.247	0.32	0.077
8.554	16.91	6.505	0.318	0.284	0.326	0.071
8.535	17.463	5.58	0.235	0.312	0.307	0.083
8.59	16.844	5.71	0.274	0.288	0.253	0.063
8.615	16.814	5.539	0.301	0.259	0.266	0.078
9.26	17.279	6.61	0.249	0.289	0.324	0.073
8.298	16.45	6.011	0.262	0.235	0.223	0.081
8.407	16.912	6.349	0.269	0.248	0.208	0.081
8.676	16.941	6.319	0.279	0.214	0.275	0.086
8.138	16.958	6.137	0.271	0.248	0.263	0.075
8.558	16.512	5.944	0.218	0.245	0.251	0.081
8.425	17.141	6.498	0.195	0.223	0.21	0.076
8.897	17.026	6.578	0.273	0.208	0.249	0.076
8.816	16.162	6.149	0.243	0.211	0.242	0.07
8.606	16.962	6.123	0.264	0.249	0.222	0.076
8.139	16.099	5.879	0.236	0.211	0.232	0.079
8.825	16.047	6.493	0.285	0.244	0.208	0.082
8.232	16.019	6.102	0.261	0.252	0.26	0.08
8.836	16.785	7.83	0.223	0.229	0.252	0.076
8.617	15.979	6.448	0.242	0.238	0.251	0.074
8.597	15.851	6.152	0.22	0.245	0.264	0.07
9.118	15.793	7.31	0.232	0.206	0.226	0.068
8.633	15.866	6.836	0.266	0.248	0.234	0.072
8.436	16.333	6.579	0.28	0.25	0.27	0.077
8.57	17.488	6.358	0.237	0.239	0.249	0.069
9.348	16.161	6.566	0.226	0.228	0.232	0.069
8.562	16.304	7.11	0.265	0.245	0.216	0.069
8.47	16.047	6.134	0.273	0.255	0.251	0.065
8.729	15.657	6.304	0.254	0.272	0.27	0.069
8.682	16.154	7.425	0.266	0.296	0.286	0.067
9.316	15.946	7.818	0.248	0.248	0.257	0.057
9.119	15.863	7.77	0.215	0.222	0.237	0.065
9.523	15.716	7.595	0.273	0.263	0.262	0.07
9.38	16.208	7.804	0.274	0.229	0.267	0.071
8.679	17.184	6.998	0.242	0.205	0.254	0.07
9.632	15.905	6.697	0.257	0.21	0.211	0.072
8.794	15.932	6.137	0.255	0.269	0.24	0.071
8.469	16.718	7.487	0.229	0.206	0.229	0.066
9.275	16.658	6.579	0.264	0.218	0.266	0.07
8.917	15.96	7.833	0.268	0.256	0.25	0.08
8.493	16.732	7.251	0.236	0.228	0.218	0.075
8.926	14.935	6.768	0.216	0.206	0.229	0.073
8.847	15.914	6.937	0.251	0.228	0.225	0.072
8.54	16.147	7.044	0.23	0.215	0.229	0.066
8.674	15.463	6.607	0.227	0.251	0.236	0.074
8.778	14.648	6.975	0.241	0.224	0.212	0.075
8.871	15.054	6.775	0.202	0.221	0.249	0.072
8.379	14.63	5.957	0.216	0.236	0.239	0.073
8.786	14.136	6.157	0.223	0.245	0.252	0.074
9.245	14.614	6.879	0.239	0.222	0.236	0.081
8.404	13.692	6.309	0.27	0.202	0.243	0.079
8.542	14.3	6.317	0.286	0.246	0.269	0.073
8.6	14.383	6.177	0.266	0.252	0.27	0.083
9.361	12.965	7.866	0.234	0.283	0.239	0.068
8.519	14.242	5.89	0.264	0.278	0.29	0.066
8.336	13.761	5.775	0.265	0.255	0.274	0.064
9.694	13.451	6.352	0.238	0.288	0.242	0.068
8.845	14.074	6.525	0.274	0.247	0.274	0.065
8.978	13.584	5.527	0.253	0.259	0.291	0.086
9.003	13.742	6.177	0.238	0.224	0.24	0.073
8.676	13.845	7.108	0.278	0.257	0.265	0.087
8.601	13.415	6.064	0.27	0.248	0.267	0.089
8.94	12.914	6.637	0.31	0.232	0.266	0.11
8.965	12.822	6.754	0.245	0.265	0.263	0.128
9.029	12.848	5.952	0.252	0.293	0.26	0.13
8.674	12.777	7.083	0.24	0.239	0.243	0.164
8.949	12.635	6.555	0.257	0.25	0.271	0.153
6.76	9.112	5.644	0.235	0.238	0.229	0.123
4.074	3.46	3.497	0.221	0.233	0.221	-0.004
